1.414358e+46 1.245240e+46 1.295174e+46 1.793902e+46 2.533629e+46 4.147231e+46 6.454864e+46 7.493097e+46 7.391542e+46 9.105463e+46 1.274934e+47 1.810774e+47 2.119239e+47 2.013839e+47 1.808872e+47 1.512763e+47 1.269066e+47 1.109861e+47 1.072102e+47 1.067752e+47 1.003930e+47 9.814193e+46 9.104116e+46 1.058838e+47 1.021440e+47 8.308442e+46 5.320244e+46 3.267851e+46 2.555513e+46 2.104502e+46 1.815948e+46 1.675740e+46 1.549455e+46 1.573822e+46 1.782609e+46 1.623885e+46
1.172012e+47 1.170626e+47 1.345096e+47 2.361868e+47 3.993080e+47 4.710827e+47 6.353204e+47 7.601355e+47 7.057074e+47 6.435693e+47 5.762899e+47 5.443282e+47 4.766231e+47 4.596984e+47 4.044521e+47 3.412919e+47 2.964468e+47 2.837513e+47 3.040838e+47 3.182412e+47 3.864543e+47 4.916283e+47 7.186679e+47 8.146795e+47 8.528270e+47 8.056207e+47 6.042306e+47 4.513199e+47 3.384723e+47 2.637856e+47 2.482210e+47 2.350477e+47 1.995726e+47 1.687663e+47 1.657182e+47 1.461894e+47
5.988477e+47 5.907846e+47 7.946570e+47 1.442692e+48 2.189393e+48 2.891225e+48 3.692402e+48 3.442352e+48 2.737592e+48 2.242814e+48 1.809524e+48 1.694393e+48 1.507564e+48 1.344897e+48 1.106511e+48 9.840682e+47 8.456672e+47 7.192822e+47 7.336270e+47 8.287124e+47 1.321440e+48 2.148411e+48 2.976682e+48 2.970504e+48 2.611754e+48 2.342440e+48 1.915036e+48 1.486311e+48 1.227312e+48 1.184923e+48 1.208993e+48 1.227313e+48 1.163393e+48 9.926316e+47 7.788211e+47 6.254583e+47
1.391006e+48 1.425131e+48 2.279126e+48 4.413888e+48 7.554512e+48 1.017499e+49 1.098176e+49 8.778581e+48 7.163326e+48 6.122432e+48 4.798986e+48 4.101225e+48 3.388725e+48 2.858410e+48 2.281977e+48 1.981497e+48 1.685401e+48 1.548095e+48 1.923637e+48 1.881576e+48 6.172041e+48 1.027971e+49 1.091885e+49 1.093125e+49 8.764197e+48 6.802858e+48 5.271169e+48 4.131231e+48 3.513044e+48 3.311248e+48 3.464095e+48 3.179258e+48 2.884684e+48 2.342692e+48 1.882014e+48 1.585736e+48
2.623019e+48 3.279207e+48 5.722642e+48 1.249353e+49 1.748638e+49 1.980133e+49 2.133123e+49 1.259501e+49 1.132982e+49 9.799816e+48 7.387856e+48 5.820174e+48 4.784168e+48 3.873343e+48 3.056497e+48 2.650761e+48 2.376855e+48 2.226708e+48 4.325298e+48 9.257453e+48 1.912412e+49 2.719451e+49 2.625264e+49 2.281128e+49 1.775111e+49 1.366236e+49 1.064292e+49 8.523282e+48 7.329778e+48 7.069093e+48 6.873971e+48 6.024738e+48 5.129569e+48 4.186414e+48 3.564864e+48 2.943413e+48
3.206112e+48 4.045431e+48 8.443811e+48 2.117142e+49 2.965735e+49 2.855362e+49 3.235164e+49 1.753506e+49 1.266112e+49 9.193466e+48 7.065892e+48 5.469667e+48 4.341165e+48 3.821015e+48 3.496176e+48 2.947465e+48 2.556647e+48 2.119036e+48 5.818400e+48 2.118615e+49 4.343758e+49 5.193125e+49 4.207092e+49 3.166024e+49 2.268345e+49 1.840188e+49 1.366329e+49 1.065113e+49 9.516747e+48 9.083434e+48 8.889477e+48 8.343952e+48 7.180488e+48 5.586640e+48 4.350703e+48 3.618655e+48
2.734380e+48 3.768513e+48 1.061595e+49 2.596976e+49 6.226138e+49 4.600007e+49 3.438908e+49 2.536043e+49 1.042242e+49 7.021342e+48 5.329120e+48 4.260916e+48 3.447860e+48 3.120105e+48 2.778541e+48 2.454050e+48 2.096508e+48 1.787714e+48 5.498181e+48 6.521765e+49 5.609497e+49 7.216507e+49 5.418341e+49 3.672069e+49 2.459864e+49 1.605447e+49 1.076197e+49 9.572913e+48 9.797356e+48 1.136601e+49 1.107110e+49 9.022030e+48 6.070929e+48 4.442589e+48 3.622880e+48 2.908305e+48
2.552652e+48 7.979713e+48 2.176698e+49 4.819109e+49 1.134685e+50 6.538950e+49 2.897481e+49 1.971114e+49 8.034913e+48 5.083136e+48 3.640390e+48 3.283749e+48 2.793407e+48 2.558668e+48 2.444366e+48 2.193330e+48 1.806232e+48 1.284541e+48 6.998212e+48 2.554583e+50 7.963658e+49 7.660842e+49 5.250994e+49 3.327134e+49 2.068676e+49 1.135256e+49 5.963191e+48 5.431334e+48 1.632626e+49 1.165058e+49 8.028135e+48 5.394062e+48 3.744287e+48 2.917121e+48 2.173189e+48 2.362109e+48
2.761673e+48 1.260709e+49 5.029582e+49 1.389292e+50 2.800314e+50 7.271442e+49 2.089588e+49 8.948082e+48 6.013483e+48 3.662014e+48 2.725801e+48 2.584822e+48 2.364112e+48 2.265838e+48 2.277596e+48 1.980989e+48 1.353103e+48 1.297588e+48 1.203890e+49 1.900517e+51 1.075126e+50 6.366206e+49 4.484962e+49 2.702943e+49 1.319098e+49 5.846117e+48 3.164029e+48 3.703060e+48 3.532531e+49 1.399532e+49 4.762625e+48 3.379829e+48 2.699708e+48 2.194455e+48 1.796875e+48 2.369933e+48
4.074024e+48 2.035510e+49 7.921391e+49 5.158214e+50 2.196779e+50 6.157823e+49 1.094300e+49 5.461604e+48 3.492791e+48 2.552629e+48 2.313653e+48 2.202866e+48 2.617964e+48 2.384374e+48 2.291294e+48 1.884202e+48 1.044285e+48 2.306900e+48 1.560802e+49 2.386656e+51 1.140968e+50 5.080533e+49 2.768334e+49 1.594620e+49 6.908513e+48 3.273288e+48 3.298821e+48 9.222441e+48 1.370402e+50 1.226726e+49 4.224223e+48 2.799035e+48 2.216480e+48 2.194374e+48 1.979648e+48 2.507486e+48
6.065085e+48 2.163779e+49 1.090609e+50 5.796112e+50 2.429680e+50 2.139343e+49 1.041770e+49 3.946559e+48 2.929382e+48 2.238632e+48 2.044707e+48 2.337341e+48 2.675286e+48 2.484840e+48 2.143071e+48 1.847456e+48 1.320098e+48 3.540009e+48 1.002278e+49 1.219850e+51 6.986218e+49 3.408999e+49 1.693873e+49 8.959327e+48 4.465449e+48 2.984206e+48 4.534167e+48 9.723631e+48 2.106904e+49 4.806219e+48 3.387038e+48 2.448222e+48 2.324015e+48 2.802219e+48 3.654416e+48 4.252853e+48
1.004796e+49 2.924335e+49 9.460885e+49 2.698921e+50 5.383021e+49 8.794963e+48 6.892868e+48 3.073340e+48 2.691365e+48 2.069203e+48 1.884868e+48 2.141658e+48 2.413078e+48 2.425239e+48 2.309716e+48 1.824763e+48 1.947044e+48 4.395263e+48 7.924802e+48 2.693788e+50 3.597368e+49 1.622038e+49 9.971551e+48 5.791947e+48 3.434738e+48 3.171536e+48 4.768014e+48 4.464484e+48 4.088793e+48 3.664296e+48 2.937263e+48 2.503254e+48 3.056019e+48 3.913142e+48 5.749319e+48 6.218737e+48
1.674175e+49 2.598544e+49 6.932819e+49 8.885559e+49 2.239647e+49 6.681326e+48 2.977222e+48 2.666258e+48 2.278677e+48 1.768357e+48 1.671409e+48 1.743674e+48 2.235060e+48 2.691767e+48 2.984536e+48 2.148307e+48 2.628739e+48 5.137729e+48 9.930671e+48 4.823559e+49 1.786572e+49 7.778643e+48 7.216472e+48 4.121093e+48 2.912017e+48 3.043908e+48 3.807177e+48 2.910050e+48 2.697969e+48 2.739846e+48 4.016748e+48 3.066616e+48 3.854556e+48 6.421503e+48 7.887027e+48 8.080020e+48
2.183816e+49 2.008260e+49 3.137555e+49 2.767456e+49 1.137722e+49 4.130368e+48 2.726569e+48 1.708190e+48 1.628260e+48 1.350406e+48 1.481837e+48 1.942976e+48 2.641099e+48 2.970223e+48 2.911770e+48 2.298232e+48 3.296779e+48 6.018267e+48 1.438305e+49 2.687800e+49 1.071843e+49 4.507681e+48 6.119950e+48 3.272619e+48 2.481469e+48 3.280279e+48 2.692015e+48 3.031960e+48 3.001626e+48 2.744231e+48 7.599856e+48 4.298075e+48 5.042929e+48 8.175694e+48 1.190133e+49 1.380338e+49
1.449588e+49 1.560930e+49 1.656548e+49 6.009963e+48 3.910504e+48 2.208268e+48 1.349961e+48 1.203234e+48 1.202842e+48 1.396514e+48 1.705851e+48 2.705050e+48 3.565825e+48 4.074812e+48 3.625760e+48 2.678360e+48 3.560713e+48 5.330385e+48 1.423833e+49 1.184461e+49 8.187548e+48 5.376454e+48 6.199117e+48 3.232249e+48 2.074619e+48 1.890469e+48 1.904694e+48 4.998171e+48 5.709537e+48 4.800552e+48 9.727725e+48 5.332066e+48 6.234067e+48 7.599113e+48 1.105488e+49 1.266398e+49
8.361517e+48 7.632237e+48 5.638906e+48 2.924947e+48 1.832935e+48 1.447228e+48 1.108229e+48 1.238154e+48 1.588330e+48 2.053548e+48 2.594040e+48 3.645137e+48 5.333378e+48 6.948507e+48 7.255435e+48 6.176452e+48 5.656362e+48 5.772982e+48 3.416350e+49 1.816520e+49 1.347852e+49 1.137264e+49 1.106184e+49 8.416228e+48 4.311643e+48 2.879251e+48 2.925753e+48 8.615637e+48 8.796365e+48 1.180006e+49 1.299849e+49 7.991962e+48 9.611501e+48 8.654425e+48 8.415960e+48 8.601512e+48
5.444160e+48 3.253728e+48 2.283248e+48 1.547716e+48 1.233542e+48 9.629180e+47 1.085978e+48 1.438033e+48 1.982872e+48 2.321481e+48 3.115890e+48 4.151026e+48 5.531511e+48 7.873592e+48 1.003730e+49 1.160992e+49 1.163284e+49 1.056334e+49 2.718855e+50 2.168841e+49 3.514351e+49 3.353066e+49 2.261076e+49 1.818410e+49 1.140741e+49 9.610327e+48 1.431853e+49 2.941176e+49 1.540668e+49 2.283206e+49 1.790370e+49 1.446990e+49 1.877949e+49 1.523555e+49 8.655924e+48 7.578336e+48
3.714882e+48 1.917311e+48 9.961168e+47 9.263696e+47 1.006744e+48 6.935967e+47 8.915807e+47 1.175684e+48 1.411274e+48 1.838037e+48 2.205684e+48 2.891532e+48 3.695705e+48 4.706777e+48 5.745639e+48 6.970321e+48 7.822467e+48 8.594486e+48 4.726527e+49 6.416208e+49 5.082886e+49 5.080388e+49 3.279014e+49 2.598946e+49 2.154500e+49 2.797728e+49 4.802666e+49 6.057963e+49 3.747347e+49 3.312904e+49 3.004824e+49 3.085390e+49 3.332056e+49 2.395864e+49 9.887153e+48 6.193301e+48
2.490170e+48 1.384042e+48 6.522873e+47 7.914796e+47 8.876519e+47 9.899158e+47 1.276213e+48 1.617507e+48 1.954960e+48 2.395186e+48 2.800345e+48 3.174449e+48 4.043616e+48 4.782982e+48 6.164469e+48 8.026435e+48 9.152024e+48 1.049964e+49 4.018916e+49 9.194633e+49 6.249694e+49 6.942482e+49 5.656832e+49 4.590027e+49 6.082915e+49 1.072567e+50 1.238565e+50 1.332500e+50 7.825939e+49 5.801008e+49 1.149045e+50 6.718098e+49 4.042428e+49 2.493285e+49 9.585359e+48 5.963074e+48
1.803245e+48 1.164666e+48 6.878079e+47 9.223857e+47 1.301303e+48 1.820801e+48 2.439711e+48 3.001958e+48 3.905686e+48 4.812308e+48 6.463853e+48 7.767702e+48 8.306068e+48 9.316820e+48 1.131592e+49 1.340174e+49 1.632062e+49 2.982944e+49 5.146591e+49 5.241416e+49 1.168809e+50 8.967502e+49 9.152726e+49 8.832880e+49 2.010888e+50 3.548998e+50 4.228352e+50 3.345486e+50 1.935301e+50 1.280442e+50 8.744934e+49 1.220619e+50 7.699017e+49 2.942241e+49 1.007961e+49 5.027157e+48
1.512359e+48 1.347907e+48 1.164520e+48 1.278872e+48 1.529261e+48 1.927724e+48 2.424208e+48 3.332033e+48 5.152369e+48 7.972736e+48 1.143526e+49 1.292370e+49 1.183781e+49 1.086443e+49 1.167210e+49 1.400309e+49 1.982402e+49 3.383368e+49 5.734151e+49 6.095138e+49 1.601793e+50 9.817654e+49 1.036650e+50 1.595707e+50 3.954735e+50 4.872843e+50 6.361274e+50 5.736282e+50 4.081199e+50 1.719375e+50 1.609774e+50 1.890691e+50 1.648037e+50 4.327243e+49 1.406090e+49 4.250486e+48
2.273879e+48 2.178014e+48 1.992605e+48 1.779565e+48 1.663348e+48 1.849287e+48 2.623577e+48 3.845671e+48 6.368596e+48 1.028619e+49 1.670512e+49 1.695324e+49 1.661515e+49 1.348701e+49 1.310407e+49 1.454244e+49 2.352045e+49 3.128569e+49 6.541275e+49 9.460826e+49 1.421481e+50 1.140618e+50 1.436490e+50 2.015661e+50 3.969006e+50 4.932054e+50 7.851949e+50 1.059216e+51 8.705406e+50 3.033471e+50 7.997202e+50 1.920886e+50 2.642532e+50 7.514158e+49 1.970500e+49 5.118785e+48
3.238286e+48 3.378537e+48 3.703846e+48 2.435596e+48 2.355643e+48 2.443697e+48 3.304806e+48 5.201233e+48 9.302825e+48 1.531664e+49 2.080095e+49 2.296086e+49 2.146672e+49 1.832887e+49 1.480073e+49 1.520363e+49 2.349602e+49 4.294853e+49 6.609275e+49 9.636370e+49 1.203997e+50 1.116164e+50 1.665685e+50 2.178477e+50 3.792332e+50 5.766260e+50 1.074345e+51 2.256377e+51 2.356180e+51 2.179476e+51 1.331390e+51 3.082535e+50 3.442470e+50 9.178956e+49 2.109697e+49 6.652226e+48
8.084124e+48 4.336326e+48 7.359170e+48 3.507121e+48 3.166417e+48 3.264004e+48 4.386365e+48 6.945479e+48 1.317525e+49 1.745712e+49 1.972336e+49 1.902322e+49 2.225951e+49 2.469018e+49 2.138036e+49 2.657407e+49 2.184198e+49 2.929029e+49 6.683764e+49 1.370021e+50 8.985949e+49 9.289509e+49 1.329950e+50 1.907820e+50 4.073422e+50 7.967847e+50 2.283903e+51 2.613942e+51 1.971500e+51 1.684850e+51 8.822260e+50 1.085093e+51 3.573193e+50 5.818455e+49 2.758881e+49 9.719416e+48
1.737848e+49 5.723292e+48 5.991020e+48 4.670262e+48 4.310910e+48 4.216399e+48 5.557815e+48 8.425934e+48 1.282027e+49 1.452938e+49 1.562379e+49 1.431062e+49 2.025258e+49 3.086992e+49 2.604373e+49 6.559779e+49 3.622339e+49 3.363382e+49 4.855518e+49 7.442204e+49 7.085885e+49 7.163148e+49 1.031438e+50 1.194358e+50 2.733271e+50 6.179809e+50 1.445339e+51 1.586081e+51 1.027248e+51 8.555883e+50 1.286065e+51 5.044874e+50 2.369596e+50 5.696848e+49 2.611532e+49 1.079391e+49
3.620681e+49 1.285742e+49 1.235913e+49 5.958010e+48 4.751633e+48 5.585741e+48 6.064314e+48 7.690468e+48 1.077764e+49 1.123621e+49 1.118485e+49 1.211920e+49 1.897322e+49 3.534544e+49 5.086575e+49 1.520947e+50 2.403540e+49 2.133745e+49 3.447027e+49 4.723382e+49 4.477820e+49 4.401425e+49 6.723338e+49 9.642451e+49 2.103838e+50 1.187789e+51 4.897539e+50 7.689994e+50 7.505872e+50 6.542011e+50 1.063697e+51 5.586081e+50 2.169337e+50 7.538880e+49 4.932870e+49 2.521068e+49
7.995226e+49 3.273718e+49 1.754948e+49 1.092892e+49 7.285833e+48 6.648049e+48 6.433202e+48 6.744651e+48 8.630218e+48 8.482020e+48 9.103650e+48 1.015006e+49 1.513137e+49 2.996337e+49 1.069737e+50 1.268975e+50 3.375531e+49 1.794943e+49 2.044256e+49 2.824991e+49 3.215671e+49 2.958602e+49 4.235991e+49 6.324644e+49 1.284014e+50 8.421178e+50 7.327078e+50 5.375399e+50 5.250627e+50 3.840803e+50 1.960707e+51 6.409910e+50 3.195534e+50 1.989205e+50 1.011424e+50 6.802137e+49
1.744784e+50 6.662227e+49 2.347111e+49 2.806220e+49 1.716182e+49 1.209932e+49 9.358352e+48 7.693531e+48 7.557916e+48 7.532112e+48 7.649959e+48 9.088790e+48 1.169796e+49 2.322651e+49 1.999087e+50 6.912191e+50 6.981996e+49 3.268492e+49 2.642185e+49 2.190017e+49 2.385468e+49 2.609297e+49 3.107844e+49 3.887820e+49 6.169811e+49 3.715051e+50 5.808765e+51 1.022690e+51 2.513542e+51 6.236994e+50 2.085725e+52 9.403989e+50 1.366104e+51 5.714418e+50 1.529733e+50 6.230782e+49
3.107183e+50 1.136389e+50 3.888835e+49 5.068550e+49 3.240241e+49 2.187994e+49 1.586148e+49 1.165036e+49 9.574604e+48 8.143555e+48 7.772212e+48 9.163021e+48 9.859308e+48 2.562221e+49 6.540557e+50 5.069657e+50 1.281133e+50 6.529374e+49 4.166150e+49 3.411959e+49 2.818882e+49 2.664298e+49 2.552204e+49 3.111587e+49 3.986785e+49 1.886415e+50 3.715471e+50 8.521583e+50 3.960867e+50 6.488502e+50 3.203154e+51 5.854780e+50 5.794018e+50 3.314290e+50 2.658275e+50 2.683256e+50
4.019239e+50 1.657568e+50 8.288918e+49 4.792451e+49 3.637933e+49 3.112475e+49 2.285964e+49 1.713423e+49 1.302437e+49 1.124030e+49 1.055592e+49 1.117888e+49 1.026778e+49 2.627638e+49 8.840428e+49 2.791566e+50 1.514199e+50 8.707336e+49 5.148068e+49 3.537751e+49 3.790781e+49 3.241865e+49 2.775292e+49 2.768237e+49 2.718082e+49 8.700230e+49 1.545218e+50 3.063546e+50 2.895668e+50 4.075355e+50 7.387732e+50 3.110883e+50 3.858836e+50 3.616693e+50 6.155306e+50 1.558128e+51
2.417293e+50 1.430041e+50 1.020200e+50 5.870597e+49 4.242706e+49 3.555993e+49 2.911737e+49 2.167433e+49 1.595850e+49 1.427674e+49 1.258188e+49 1.317332e+49 1.092431e+49 2.376919e+49 3.017827e+49 8.609721e+49 9.308331e+49 7.165302e+49 5.936260e+49 3.396344e+49 2.595077e+49 2.597240e+49 2.877667e+49 2.629210e+49 2.685009e+49 5.744773e+49 1.376640e+50 2.249619e+50 1.925667e+50 1.521375e+50 2.888766e+50 2.709759e+50 3.287765e+50 2.484823e+50 1.633076e+50 5.413319e+50
1.286810e+50 9.253550e+49 7.921590e+49 6.817957e+49 3.471120e+49 3.372275e+49 2.877339e+49 2.252867e+49 1.787137e+49 1.541966e+49 1.337455e+49 1.276763e+49 1.255251e+49 2.436084e+49 1.564500e+49 2.248248e+49 4.088940e+49 4.547359e+49 4.313393e+49 3.092359e+49 2.407712e+49 1.981748e+49 2.259265e+49 2.431371e+49 2.511806e+49 3.601105e+49 7.453711e+49 1.027818e+50 1.074035e+50 9.803045e+49 1.337677e+50 2.092833e+50 2.054573e+50 1.518748e+50 1.626723e+50 2.041108e+50
8.253215e+49 6.737760e+49 5.565028e+49 4.614396e+49 2.563317e+49 2.827316e+49 2.444695e+49 1.892691e+49 1.573136e+49 1.385293e+49 1.246529e+49 1.033743e+49 1.558395e+49 1.433893e+49 6.128765e+48 1.034763e+49 1.476496e+49 1.929446e+49 2.181708e+49 1.881329e+49 1.309685e+49 1.265129e+49 1.325963e+49 1.635886e+49 1.805177e+49 2.316663e+49 2.514464e+49 3.492058e+49 6.884229e+49 9.864339e+49 1.208909e+50 1.629209e+50 1.463594e+50 1.149268e+50 1.110905e+50 1.056017e+50
3.788500e+49 3.348509e+49 2.710491e+49 2.266674e+49 2.388274e+49 2.264461e+49 1.759866e+49 1.524266e+49 1.191275e+49 1.062337e+49 1.014898e+49 1.006102e+49 8.974037e+48 4.014277e+48 2.989189e+48 4.185587e+48 6.282099e+48 7.078983e+48 7.842415e+48 6.931426e+48 7.085980e+48 7.933714e+48 7.181742e+48 8.324309e+48 1.007568e+49 1.281611e+49 1.927323e+49 2.536176e+49 3.130858e+49 5.651516e+49 7.834104e+49 1.102905e+50 1.118738e+50 8.901655e+49 7.299924e+49 5.536950e+49
2.323032e+49 1.650266e+49 1.331482e+49 1.077818e+49 8.752135e+48 7.462011e+48 6.463158e+48 6.060634e+48 5.241262e+48 5.221208e+48 4.473026e+48 3.308087e+48 1.890602e+48 1.551083e+48 1.601737e+48 2.148515e+48 3.157651e+48 3.695902e+48 3.224101e+48 2.986998e+48 2.855899e+48 2.644226e+48 3.022654e+48 4.361273e+48 4.626277e+48 4.600433e+48 7.023052e+48 9.582894e+48 1.516598e+49 2.076417e+49 2.634140e+49 3.355345e+49 4.306389e+49 4.260536e+49 4.098821e+49 3.308654e+49
8.318379e+48 7.998720e+48 5.404997e+48 3.828991e+48 2.856771e+48 2.452637e+48 2.124882e+48 1.860552e+48 1.690567e+48 1.558076e+48 1.461515e+48 1.314079e+48 1.241730e+48 9.842641e+47 9.925398e+47 1.147731e+48 1.250728e+48 9.672271e+47 1.239199e+48 1.459775e+48 1.238925e+48 8.536358e+47 5.305022e+47 8.538133e+47 1.453858e+48 1.895001e+48 2.910776e+48 3.309872e+48 3.974614e+48 5.310896e+48 6.574736e+48 7.330399e+48 8.533616e+48 9.018686e+48 9.295616e+48 9.130612e+48
