1.122749	1.208774	1.160722	1.099304	1.166096	1.122577	1.229256	1.061736	0.951279	0.762461	0.639984	0.585802	0.609787	0.738344	0.879111	1.033357	1.164741	1.253830	1.406631	1.410213	0	0	0	0	0.696995	0.276044	0.291702	0.491862	0.708447	0.871574	0.949208	0.925039	0.866282	0.847740	1.271651	1.159768
0	0	0	0	0	0	0	0	0	0.159718	0	0	0	0	0	0	0	0	0	1.109684	1.357528	0	0	0.528843	0.321742	0.289857	0.313610	0.360251	0	0	0	0	0	0	0	0
0	0	0	0	0	0	0.234041	0.188359	0.121142	0.095952	0.143910	0.226260	0	0	0	0	0	0	0	0	0.837026	0.686175	0.504648	0.415460	0.306766	0.244750	0	0	0	0	0	0	0	0	0	0
0	0	0	0	0.153330	0.147234	0.163384	0.138908	0.125696	0.143091	0.197764	0.282863	0.372345	0	0	0	0	0	0	0	0.464286	0.407666	0.334815	0.265055	0.203848	0	0	0	0	0	0	0	0	0	0	0
0	0	0	0	0.115771	0.136822	0.154725	0.134825	0.151062	0.190635	0.240926	0.330341	0.359792	0.365241	0	0	0	0	0	0	0.304720	0.279964	0.230116	0.185652	0.172601	0.205954	0	0	0	0	0	0	0	0	0	0
0	0	0	0.096685	0.115645	0.132021	0.133960	0.156735	0.198006	0.209498	0.248998	0.297625	0.365489	0.338964	0	0	0	0	0	0.251224	0.230417	0.211944	0.179635	0.167570	0.184197	0.216249	0	0	0	0	0	0	0	0	0	0
0	0	0	0.088290	0.088232	0.107214	0.144779	0.178749	0.216506	0.210207	0.294659	0.370490	0.377273	0.288147	0	0	0	0	0.198341	0.203479	0.194592	0.181177	0.169360	0.177494	0.184407	0	0.100710	0.062247	0	0	0	0	0	0	0	0
0	0	0	0.073111	0.082614	0.110952	0.185259	0.157264	0.204832	0.277888	0.392062	0.391587	0.331633	0.241787	0	0	0	0	0.183331	0.182545	0.175374	0.166880	0.172572	0.173179	0.157270	0.119584	0.081411	0.058890	0.046986	0.041843	0	0	0	0	0	0
0	0	0.063298	0.073105	0.108875	0.178341	0.207049	0.172022	0.244713	0.368134	0.407900	0.375926	0.301840	0.230346	0.154867	0	0	0	0.175453	0.173444	0.163345	0.156949	0.161985	0.159581	0.135449	0	0	0.051952	0.041488	0	0	0	0	0	0	0
0	0	0.074799	0.115567	0.175099	0.231155	0.212271	0.218713	0.315528	0.362653	0.389993	0.335401	0.285350	0.224483	0.178528	0	0.176741	0.180334	0.172562	0.159482	0.150081	0.144178	0.143912	0.149900	0.108877	0	0	0	0	0	0	0	0	0	0	0
0	0	0.102376	0.176063	0.233759	0.250445	0.238613	0.282687	0.340544	0.349570	0.343072	0.323809	0.287692	0.238372	0.208142	0	0.186822	0.183246	0.172557	0.148582	0.136519	0.125328	0.133261	0.126874	0.086529	0	0	0	0	0	0	0.029682	0.043015	0	0	0
0	0.088772	0.142223	0.219629	0.291751	0.267454	0.293777	0.330567	0.356955	0.339017	0.344521	0.332875	0.309335	0.265565	0.233739	0	0.199514	0.180892	0.159924	0.138853	0.125721	0.118250	0.133642	0.110885	0.071745	0	0	0	0	0	0	0.028956	0.052183	0	0	0
0	0.115814	0.184233	0.268562	0.335878	0.279879	0.331742	0.361408	0.360526	0.350230	0.364927	0.362135	0.348282	0.303190	0.262902	0.239543	0	0.181806	0.152295	0.129584	0.122187	0.127753	0.134076	0.090801	0.069873	0	0	0	0	0	0	0.039378	0.076056	0	0.054560	0.067306
0	0.146556	0.225610	0.321758	0.341996	0.294127	0.361789	0.357732	0.368830	0.366450	0.389035	0.411952	0.396233	0.340882	0.298757	0.269296	0.223189	0	0.141690	0.133210	0.130472	0.141022	0.128508	0.091320	0.073279	0	0	0	0	0	0	0.058628	0.086367	0.056776	0.045420	0.058859
0	0.181670	0.260896	0.323923	0.301443	0.302331	0.361364	0.360924	0.373035	0.386021	0.444668	0.490722	0.459121	0.382650	0.340302	0.304516	0.240027	0.172244	0	0.144294	0.148395	0.143798	0.122045	0.097955	0.084401	0	0	0	0	0	0	0.069370	0.100359	0.048845	0.047792	0.070284
0	0.218855	0.264110	0.267197	0.269504	0.309134	0.334734	0.350106	0.368385	0.415328	0.505244	0.579530	0.487006	0.423758	0.394577	0.353933	0.270819	0.166190	0	0	0.167967	0.150488	0.128695	0.125827	0.097488	0	0	0	0	0	0	0.088043	0.103418	0.051770	0.061962	0.088127
0	0.231992	0.227545	0.186827	0.243355	0.307139	0.309343	0.334984	0.364779	0.466516	0.577742	0.575303	0.517228	0.484790	0.479557	0.414706	0.314138	0.181864	0	0	0.187053	0.164675	0.139799	0.142100	0.106540	0.082288	0.064321	0	0	0	0.060703	0.098962	0.095575	0.075634	0.094996	0.115497
0	0	0.183499	0.160008	0.238444	0.294625	0.300700	0.307345	0.371762	0.529851	0.610595	0.597228	0.621355	0.640928	0.591961	0.485300	0.332003	0.251253	0	0	0	0.187230	0.143714	0.140077	0.128576	0.113896	0.082507	0	0	0	0.059427	0.109991	0.118518	0.113818	0.138390	0.168002
0	0	0.171541	0.188842	0.245035	0.278685	0.283663	0.312910	0.452647	0.541507	0.628065	0.665341	0.786971	0.881116	0.765070	0.556699	0.406190	0.349350	0	0	0	0.213038	0.177810	0.171924	0.174309	0.141998	0.097795	0	0	0	0.093972	0.127648	0.140453	0.147025	0.176682	0.193679
0.222311	0	0.184572	0.211833	0.255068	0.275097	0.294787	0.378551	0.495670	0.617465	0.749815	0.885962	1.230438	1.122105	0.884276	0.681336	0.568230	0.492573	0	0	0	0	0.210018	0.194599	0.189936	0.140736	0.103531	0	0	0	0.127246	0.145857	0.163465	0.177504	0.206437	0.202818
0.221000	0	0.206759	0.232176	0.264672	0.284422	0.344490	0.450029	0.544764	0.673897	0.908759	1.443543	1.797985	1.185324	1.029657	0.895921	0.758354	0.637102	0	0	0	0	0.233073	0.195207	0.175875	0.132252	0.105862	0	0	0	0.142406	0.163245	0.177877	0.193904	0.228446	0.227368
0.225068	0.220604	0	0	0.281874	0.303204	0.395793	0.487021	0.597764	0.783659	1.217589	2.366662	1.601447	1.312307	1.244422	1.103538	0.970531	0.808056	0	0	0	0	0.235337	0.182057	0.155932	0.125691	0.110943	0	0	0	0.152816	0.169681	0.179289	0.206153	0.237815	0.234227
0.236453	0.240322	0	0	0.306439	0.341162	0.458865	0.527484	0.662335	0.909387	1.531145	2.034009	1.407519	1.544540	1.474574	1.353298	1.234193	1.052734	0	0	0	0	0.210953	0.160197	0.136943	0.123537	0.118920	0	0	0	0.162398	0.169205	0.185926	0.218670	0.247331	0.243763
0.252839	0.262395	0	0	0.340222	0.397720	0.509311	0.572422	0.710501	0.965914	1.325010	1.313438	1.349285	1.792609	1.649193	1.655356	1.595008	1.375878	1.016922	0	0	0	0.173145	0.137522	0.125666	0.124444	0.127427	0	0	0	0.167207	0.176172	0.203884	0.242485	0.263088	0.258437
0.274009	0.287663	0	0	0	0.421885	0.503425	0.579547	0.682062	0.835142	0.931490	0.943225	1.271329	1.610901	1.820395	2.109953	2.028168	1.697886	1.172973	0	0	0	0.137201	0.122695	0.122350	0.132199	0.142197	0	0	0.162970	0.170031	0.192420	0.222480	0.266815	0.293779	0.281101
0.296380	0.327401	0	0	0	0.436015	0.483848	0.530148	0.584843	0.628699	0.601661	0.724182	1.153024	1.553224	2.179817	2.608999	2.449493	1.961081	1.288473	0	0	0.124873	0.110458	0.113701	0.128362	0.145774	0.156586	0.163498	0	0.169445	0.177342	0.207920	0.242851	0.291954	0.331678	0.312979
0.341076	0.394265	0	0	0	0.410377	0.432291	0.426309	0.467551	0.478015	0.431459	0.689789	1.098000	1.610423	2.450838	2.827523	2.671421	2.095989	1.211171	0	0	0.088585	0.096327	0.114011	0.143450	0.161409	0.174703	0.176487	0	0.172199	0.179951	0.224434	0.272527	0.370840	0.382107	0.334651
0.450646	0.486512	0.484678	0	0	0.358734	0.315166	0.333397	0.378860	0.395423	0.415580	0.708229	1.074911	1.593561	2.218112	2.619646	2.404804	2.195179	0.759285	0	0	0.072278	0.093269	0.123370	0.159667	0.168859	0.197568	0.186942	0	0.195021	0.228202	0.249280	0.319268	0.464623	0.452260	0.398760
0.600964	0.586220	0.533922	0.461221	0	0.256250	0.221776	0.297019	0.367843	0.396001	0.425970	0.650393	1.010918	1.411401	1.813403	1.987729	1.829627	1.143796	0.318707	0	0.061506	0.073218	0.101087	0.138851	0.170906	0.174506	0.215286	0.190747	0.183506	0.213317	0.239518	0.292654	0.397457	0.594409	0.589989	0.572088
0.754355	0.675091	0.552761	0.426121	0.280132	0.197863	0.212133	0.324001	0.421738	0.391945	0.462874	0.579465	0.870096	1.140911	1.303757	1.316484	0.988025	0.433297	0.155758	0	0.061783	0.087717	0.121622	0.157332	0.191977	0.188240	0.220010	0.184110	0.188482	0.242015	0.291626	0.394321	0.547158	0.820342	0.832760	0.798782
0.885679	0.718234	0.543269	0.374198	0.243782	0.186171	0.248362	0.449772	0.448519	0.326302	0.411528	0.514516	0.723522	0.875259	0.887956	0.744854	0.475061	0.226213	0.105066	0	0.088583	0.114989	0.145866	0.184965	0.224913	0.214883	0.202728	0.160901	0.201926	0.273620	0.401316	0.544597	0.856953	1.242591	1.161917	1.036478
0.962986	0.732178	0.531618	0.328882	0.250242	0.236983	0.338649	0.461793	0.354240	0.307279	0.363833	0.472689	0.597505	0.620903	0.541082	0.435924	0.293369	0.171058	0.110841	0	0.140811	0.150377	0.182210	0.248384	0.281772	0.222347	0.147306	0.162437	0.259476	0.397451	0.644606	0.953603	1.537692	1.738062	1.515121	1.289411
1.112604	0.810368	0.599775	0.443567	0.346819	0.290949	0.331958	0.353274	0.324402	0.315214	0.379888	0.494221	0.535011	0.443785	0.393023	0.347146	0.272101	0.208160	0.190127	0.216025	0.172276	0.181080	0.283866	0.428220	0.357159	0.215521	0.168932	0.228527	0.422603	0.724785	1.186330	1.616990	2.204280	2.266239	1.881252	1.574787
1.352546	1.067028	0.821395	0.585049	0.376199	0.279658	0.448141	0.503914	0.536509	0.672230	0.677881	0.671077	0.610171	0.540788	0.490040	0.444572	0.383800	0.356203	0.327086	0.211934	0.158615	0.340086	0.853688	0.789296	0.377941	0.230511	0.235124	0.450255	0.898066	1.537895	2.266709	2.611066	3.014721	2.617701	2.379782	2.023596
0	1.890728	1.568854	1.138081	0.902234	1.130721	1.551232	1.667184	1.716979	1.522803	1.339968	1.186013	1.056179	0.997369	0.933385	0.841244	0.747944	0.613487	0.463229	0.371655	0.656479	1.341001	1.305321	0.659903	0.306252	0.272170	0.641134	1.441307	2.347999	3.173497	3.818290	3.801776	4.413025	3.188800	3.062472	0
0	0	0	0	0	0	0	0	0	0	0	0	0	0	0	0	0	0	0	0	0	0	0	0	0	0	0	0	0	0	0	0	0	0	0	0
